119
347
407
454
515
554
584
676
801
829
848
966
1041
1085
1255
1290
1433
1536
1571
1613
1773
2033
2130
2198
2307
2517
2596
2648
2697
2770
2997
3035
3134
3542
3649
3764
3844
4032
4088
4180
4219
4238
4258
4489
4551
4637
4836
4946
4975
5004
5091
5139
5144
5279
5580
5585
5780
5872
6229
6245
6256
6365
6422
6490
6959
7047
7106
7163
7187
7386
7408
7460
7469
7670
7829
7871
7965
8014
8144
8187
8212
8371
8410
8416
8444
8528
8703
8749
8971
9007
9240
9363
9407
9445
9482
9521
9569
9578
9594
9727
9805
9841
9894
9896
10061
10268
10499
10515
10861
10951
11058
11099
11489
11493
11578
11729
12075
12262
12312
12340
12379
12537
12766
12773
12967
13002
13007
13271
13292
13435
13544
13838
13869
13955
13963
14187
14228
14444
14541
14541
14603
14604
14808
14846
14954
15044
15152
15281
15488
15496
15540
15654
15720
15741
15760
15768
15948
15958
16049
16066
16173
16325
16342
16364
16391
16466
16820
16865
16959
17018
17042
17111
17142
17144
17156
17288
17337
17527
17615
17686
17797
17888
18077
18485
18709
18958
19007
19087
19119
19168
19325
19423
19649
19658
19692
19902
19940
20200
20293
20356
20723
20743
20880
20897
20916
21150
21343
21430
21469
21487
21584
21607
21646
21714
21822
22099
22199
22342
22354
22587
22760
22804
22950
22986
23004
23109
23113
23202
23211
23272
23294
23405
23450
23495
23627
23808
23881
23881
23963
24066
24279
24316
24505
24619
24812
24829
25594
25662
25845
25867
25918
25959
26076
26097
26153
26252
26478
26673
26940
27004
27169
27240
27283
27320
27350
27354
27395
27609
27792
27797
28156
28266
28268
28392
28693
28833
28901
28978
29095
29158
29205
29240
29246
29328
29452
29484
29661
29731
29737
29801
30102
30207
30332
30338
30426
30487
30589
30601
30679
30688
30708
30797
30856
31022
31114
31151
31527
31529
31578
31609
31618
31782
31971
31998
32224
32308
32339
32628
32879
32942
32958
32978
32981
32998
33026
33031
33038
33206
33369
33455
33800
34055
34079
34142
34378
34502
34504
34529
34577
34605
34714
34900
35035
35183
35404
35429
35484
35506
35604
35661
35901
35991
36109
36141
36149
36508
36716
36737
36883
36927
37142
37159
37165
37183
37488
37636
37741
37750
37798
37915
37956
38025
38229
38296
38497
38703
38789
38885
38964
38984
39195
39315
39491
39545
39575
39691
40000
40014
40021
40474
40497
40508
40573
40657
40843
40896
40950
41006
41019
41202
41214
41231
41346
41458
41706
41707
41878
41922
41944
42063
42196
42243
42291
42382
42413
42432
42441
42503
42566
42629
42818
43083
43173
43194
43247
43405
43526
43665
43818
43851
43891
44119
44131
44150
44163
44250
44379
44383
44679
44701
44771
44813
44855
44922
44998
45077
45127
45130
45357
45836
45874
46001
46006
46043
46115
46132
46193
46207
46259
46307
46731
46817
46840
47025
47086
47179
47217
47343
47493
47574
47609
47832
47991
48008
48055
48231
48339
48397
48406
48408
48429
48552
48567
48664
48731
48841
49044
49094
49185
49194
49406
49468
49561
49679
49907
49934
49943
50064
50187
50187
50360
50671
51131
51171
51219
51290
51324
51329
51395
51444
51631
51643
51893
51916
51934
51937
51938
51951
52034
52218
52231
52300
52377
52380
52389
52463
52499
52519
52529
52545
52592
52680
52896
53046
53131
53293
53368
53419
53640
53740
53772
53803
53847
53854
53911
53936
53952
54236
54362
54429
54618
54674
54698
54721
54854
55615
55736
55769
55860
55952
56058
56068
56146
56154
56240
56268
56432
56529
56629
56847
56887
56942
57111
57118
57125
57135
57241
57247
57344
57351
57433
57473
57897
57901
57949
58042
58122
58142
58184
58240
58270
58292
58344
58719
58845
58880
58894
59039
59154
59232
59258
59290
59357
59419
59451
59676
59961
60088
60178
60263
60370
60433
60444
60604
60994
61056
61147
61190
61404
61607
61849
62139
62228
62318
62387
62626
62730
62860
63054
63110
63159
63255
63256
63263
63395
63453
63465
63499
63646
63806
63845
63889
63932
64022
64127
64213
64324
64393
64445
64510
64544
64587
64672
64718
64818
64834
64921
64924
64950
65018
65247
65326
65367
65399
65415
65443
65534
65712
65812
65827
65855
65888
65900
66028
66033
66142
66192
66266
66278
66417
66558
66581
66594
66654
66690
66774
66912
66967
66990
67165
67234
67571
67669
67691
67693
67717
67733
67835
68169
68197
68287
68312
68405
68704
68798
68871
68991
69045
69167
69198
69298
69326
69395
69542
69631
69999
70298
70572
70679
70747
70828
70830
71473
71582
71680
71681
71715
71748
71801
71881
72099
72220
72308
72313
72353
72385
72477
72671
72729
73350
73451
73640
73751
73754
73955
74093
74127
74171
74260
74330
74409
74647
75043
75111
75119
75160
75350
75373
75513
75544
75620
75735
75758
75792
75798
75840
75966
76075
76132
76163
76186
76237
76383
76479
76759
76815
76930
76974
77107
77185
77272
77325
77385
77719
77886
77955
77961
77978
77983
78022
78072
78089
78238
78336
78340
78529
78754
78829
78887
79009
79070
79246
79365
79409
79716
79763
79786
79930
79932
80163
80261
80334
80372
80375
80422
80565
80626
81067
81095
81096
81152
81328
81684
81899
81926
81927
81937
82084
82474
82492
82516
82544
82585
82850
82948
83154
83245
83466
83833
83900
84046
84175
84215
84248
84273
84341
84460
84668
84745
84746
84767
84869
84952
85034
85144
85274
85317
85329
85474
85890
85899
85951
86023
86087
86266
86309
86389
86467
86814
86873
86952
87094
87149
87229
87245
87940
87957
87993
88024
88086
88102
88121
88208
88263
88337
88347
88347
88427
88432
88808
88893
88908
88921
88977
89670
89686
89734
89846
90191
90268
90371
90382
90387
90450
90803
91144
91177
91183
91187
91414
91533
91543
91696
91718
91957
92053
92058
92208
92220
92253
92302
92440
92606
92635
92781
92979
93126
93441
93788
93793
93805
93848
93876
93881
93984
94076
94172
94336
94589
94851
94860
94967
95314
95350
95402
95403
95655
95711
95801
96094
96396
96413
96455
96536
96578
96627
96699
96710
96799
96967
97075
97198
97297
97341
97418
97442
97455
97484
97584
97601
97626
97912
98060
98099
98109
98187
98211
98307
98461
98466
98508
98539
98574
98577
98618
98670
98813
98898
98911
98948
98975
99011
99097
99218
99312
99426
99432
99626
99879
99914
