2
13
46
50
51
56
56
90
97
99
103
107
118
131
149
150
154
167
195
200
215
216
220
240
245
245
249
253
298
308
314
323
331
338
345
371
375
390
402
404
438
447
455
458
481
520
521
521
566
593
600
605
633
637
645
648
652
655
662
692
699
741
746
748
760
775
803
808
809
811
814
815
826
827
832
835
835
848
860
880
898
898
901
940
942
951
979
1016
1028
1035
1037
1047
1056
1062
1084
1086
1095
1098
1108
1124
1126
1128
1140
1144
1147
1149
1162
1163
1168
1177
1180
1237
1240
1252
1256
1257
1258
1260
1260
1279
1287
1288
1290
1301
1301
1304
1307
1317
1336
1348
1351
1397
1399
1406
1413
1421
1421
1426
1431
1435
1441
1447
1481
1486
1488
1492
1503
1505
1513
1514
1536
1537
1543
1545
1546
1547
1571
1584
1593
1594
1634
1651
1657
1680
1683
1700
1715
1727
1732
1733
1742
1745
1746
1750
1754
1755
1766
1775
1778
1782
1791
1801
1833
1852
1859
1867
1874
1886
1891
1902
1906
1906
1915
1925
1937
1968
1977
2002
2012
2021
2039
2040
2059
2061
2073
2089
2093
2102
2119
2121
2126
2131
2132
2136
2152
2158
2166
2203
2206
2208
2209
2220
2243
2248
2249
2259
2261
2285
2293
2296
2309
2315
2341
2350
2376
2380
2381
2391
2397
2428
2446
2447
2459
2467
2471
2472
2486
2508
2529
2538
2538
2542
2574
2586
2606
2618
2636
2636
2640
2653
2660
2660
2672
2680
2695
2695
2715
2741
2741
2742
2766
2767
2775
2778
2786
2796
2800
2809
2813
2823
2823
2843
2849
2854
2866
2867
2867
2880
2883
2893
2905
2926
2941
2943
2962
2972
2990
2993
2998
3032
3038
3047
3059
3073
3092
3093
3103
3109
3109
3109
3140
3190
3193
3202
3217
3221
3226
3233
3246
3246
3255
3261
3261
3264
3304
3310
3318
3320
3336
3346
3356
3356
3360
3364
3381
3384
3387
3391
3397
3406
3406
3419
3425
3436
3451
3469
3470
3478
3480
3485
3488
3497
3506
3526
3555
3565
3568
3572
3574
3578
3587
3589
3620
3650
3655
3657
3662
3685
3694
3702
3707
3718
3728
3732
3734
3760
3771
3779
3793
3799
3809
3812
3812
3815
3817
3818
3822
3827
3833
3834
3849
3849
3854
3863
3874
3918
3919
3923
3934
3961
3997
4003
4012
4018
4025
4029
4035
4037
4043
4062
4065
4069
4074
4078
4086
4101
4102
4117
4120
4127
4144
4144
4145
4155
4167
4198
4238
4249
4258
4270
4273
4280
4283
4297
4301
4302
4318
4318
4320
4341
4352
4355
4358
4363
4375
4380
4385
4389
4394
4403
4405
4428
4431
4441
4462
4462
4470
4482
4484
4495
4500
4518
4519
4533
4538
4551
4551
4551
4576
4580
4583
4591
4595
4596
4600
4612
4629
4633
4636
4647
4648
4661
4692
4694
4695
4701
4704
4714
4720
4728
4738
4746
4747
4749
4757
4763
4767
4781
4788
4794
4805
4811
4812
4812
4845
4845
4848
4853
4854
4863
4877
4881
4904
4907
4907
4916
4932
4945
4956
4974
4975
4981
4992
5018
5035
5040
5074
5074
5087
5090
5096
5109
5139
5139
5155
5161
5205
5235
5237
5249
5253
5282
5287
5290
5296
5302
5313
5318
5325
5325
5326
5358
5378
5381
5384
5395
5397
5409
5457
5461
5484
5490
5497
5544
5545
5557
5568
5576
5590
5600
5621
5645
5646
5648
5657
5676
5680
5682
5687
5723
5730
5732
5741
5746
5758
5761
5762
5767
5771
5774
5779
5784
5784
5787
5807
5826
5830
5831
5837
5877
5878
5883
5888
5894
5900
5901
5902
5904
5922
5929
5935
5938
5939
5949
5976
5979
6044
6048
6064
6065
6066
6080
6080
6083
6111
6118
6121
6125
6128
6160
6160
6198
6199
6202
6211
6214
6218
6220
6247
6260
6281
6290
6307
6315
6328
6337
6343
6346
6389
6397
6400
6418
6438
6448
6466
6479
6482
6486
6486
6505
6511
6523
6556
6556
6572
6587
6615
6616
6619
6623
6625
6636
6638
6651
6668
6691
6695
6705
6710
6728
6737
6757
6764
6769
6771
6772
6807
6836
6854
6879
6883
6887
6904
6917
6918
6943
6946
6947
6952
6954
6964
6967
6977
6979
6991
7005
7009
7015
7016
7020
7031
7057
7059
7084
7117
7124
7128
7133
7143
7159
7163
7166
7177
7195
7209
7231
7235
7236
7244
7252
7270
7271
7274
7280
7284
7291
7306
7307
7339
7345
7348
7348
7368
7388
7408
7453
7461
7476
7477
7491
7501
7502
7520
7520
7520
7520
7527
7586
7592
7596
7598
7598
7613
7626
7630
7634
7649
7654
7668
7673
7674
7681
7683
7686
7699
7700
7710
7726
7738
7739
7772
7774
7779
7794
7810
7829
7832
7835
7854
7860
7864
7876
7898
7899
7903
7912
7916
7923
7931
7932
7933
7950
7982
7984
7988
8008
8018
8024
8033
8046
8054
8056
8068
8080
8085
8110
8116
8120
8146
8182
8212
8224
8231
8235
8246
8257
8260
8267
8268
8270
8294
8299
8306
8317
8373
8373
8389
8392
8392
8422
8438
8443
8454
8468
8507
8510
8534
8540
8565
8578
8580
8607
8611
8623
8625
8628
8628
8643
8655
8657
8672
8676
8678
8684
8712
8716
8727
8734
8741
8745
8751
8766
8772
8773
8795
8797
8805
8809
8823
8831
8837
8857
8861
8861
8864
8865
8871
8871
8883
8884
8885
8890
8895
8898
8905
8906
8913
8915
8917
8919
8948
8949
8967
8972
8975
8979
8987
8988
9010
9013
9020
9025
9026
9027
9038
9056
9065
9084
9090
9100
9105
9106
9118
9134
9145
9161
9171
9193
9195
9200
9205
9206
9207
9212
9226
9226
9241
9243
9245
9259
9275
9276
9277
9293
9334
9361
9379
9388
9388
9391
9401
9417
9444
9449
9450
9464
9471
9474
9483
9488
9508
9522
9550
9569
9589
9591
9598
9601
9601
9615
9619
9632
9636
9638
9674
9675
9686
9693
9697
9703
9704
9719
9720
9729
9734
9747
9756
9760
9778
9796
9824
9853
9858
9874
9879
9886
9890
9903
9909
9916
9935
9939
9947
9957
9977
9987
10003
10011
10024
10025
10027
10028
10028
10046
10051
10069
10086
10086
10087
10089
10098
10104
10140
10152
10177
10221
10230
10245
10251
10279
10281
10281
10281
10297
10321
10328
10338
10346
10366
10380
10380
10385
10390
10435
10440
10461
10463
10471
10498
10504
10506
10526
10529
10530
10539
10541
10544
10546
10550
10558
10565
10603
10621
10629
10639
10639
10643
10644
10677
10682
10694
10707
10710
10730
10731
10737
10746
10749
10761
10774
10774
10779
10785
10799
10802
10814
10833
10836
10837
10872
10872
10897
10904
10910
10911
10928
10947
10971
10972
10989
11015
11022
11024
11028
11043
11044
11075
11078
11082
11097
11097
11100
11117
11128
11147
11152
11166
11169
11190
11204
11212
11215
11218
11225
11230
11235
11239
11245
11249
11258
11259
11262
11262
11264
11270
11298
11307
11324
11328
11340
11343
11349
11350
11352
11370
11376
11398
11401
11409
11409
11416
11418
11432
11436
11436
11436
11467
11472
11479
11485
11491
11493
11495
11507
11511
11523
11535
11542
11544
11551
11562
11567
11577
11590
11608
11649
11651
11655
11686
11688
11754
11756
11764
11774
11775
11786
11816
11817
11823
11824
11843
11848
11854
11857
11868
11883
11896
11910
11942
11957
11957
11961
11969
11984
11989
12042
12047
12061
12076
12100
12112
12120
12136
12144
12160
12172
12237
12237
12239
12241
12241
12242
12252
12284
12285
12289
12305
12318
12320
12323
12335
12336
12353
12381
12382
12385
12395
12405
12431
12450
12451
12468
12470
12481
12485
12511
12515
12530
12535
12541
12541
12543
12553
12567
12573
12575
12594
12608
12618
12621
12621
12628
12638
12655
12658
12667
12696
12698
12699
12700
12702
12710
12711
12711
12712
12715
12732
12749
12754
12759
12778
12781
12797
12797
12802
12807
12823
12826
12844
12858
12869
12884
12889
12897
12906
12908
12937
12950
12956
12957
12968
12972
12981
12986
12992
13011
13019
13022
13041
13064
13066
13090
13093
13108
13115
13132
13152
13152
13160
13164
13173
13173
13192
13193
13201
13208
13228
13249
13259
13268
13271
13281
13281
13294
13296
13297
13297
13299
13300
13305
13309
13315
13329
13349
13353
13363
13365
13367
13367
13375
13392
13401
13409
13419
13431
13432
13432
13441
13449
13455
13459
13462
13463
13466
13468
13477
13480
13482
13486
13486
13486
13491
13503
13512
13520
13531
13531
13535
13540
13553
13554
13554
13558
13576
13599
13602
13624
13669
13713
13718
13743
13768
13785
13792
13795
13797
13812
13815
13823
13831
13850
13855
13856
13861
13867
13880
13897
13917
13920
13927
13932
13952
13964
13966
13970
13999
14000
14004
14010
14018
14035
14037
14059
14067
14078
14082
14090
14098
14106
14111
14120
14138
14157
14195
14197
14200
14214
14235
14235
14241
14243
14247
14254
14258
14272
14319
14323
14328
14331
14339
14363
14365
14368
14370
14371
14384
14387
14397
14397
14402
14416
14420
14425
14435
14457
14483
14491
14494
14501
14511
14523
14524
14531
14531
14551
14555
14560
14592
14606
14608
14618
14628
14630
14645
14647
14651
14653
14664
14673
14730
14740
14779
14783
14792
14802
14806
14806
14815
14832
14834
14845
14856
14856
14857
14880
14896
14909
14910
14926
14931
14937
14938
14940
14947
14952
14957
14970
14992
15001
15002
15003
15004
15005
15011
15027
15041
15042
15048
15086
15087
15087
15101
15108
15111
15114
15116
15118
15131
15132
15136
15141
15144
15151
15153
15163
15168
15170
15181
15208
15210
15212
15222
15226
15249
15249
15258
15280
15296
15303
15311
15312
15317
15322
15325
15353
15362
15372
15401
15420
15464
15484
15486
15493
15499
15501
15502
15507
15571
15582
15586
15596
15603
15616
15662
15667
15678
15683
15693
15693
15694
15694
15733
15738
15748
15755
15771
15776
15796
15796
15810
15821
15822
15830
15836
15856
15858
15872
15880
15901
15919
15943
15946
15956
15970
15976
15990
15991
15997
16004
16019
16031
16032
16058
16060
16063
16083
16089
16103
16109
16110
16140
16169
16178
16187
16200
16215
16217
16231
16239
16257
16260
16264
16298
16300
16302
16309
16321
16329
16335
16339
16343
16346
16358
16369
16386
16402
16408
16429
16452
16456
16466
16472
16485
16491
16494
16495
16526
16544
16552
16562
16564
16613
16621
16642
16644
16651
16652
16654
16659
16659
16667
16670
16675
16697
16700
16707
16723
16726
16732
16739
16740
16752
16754
16756
16783
16810
16821
16823
16840
16860
16898
16926
16939
16941
16942
16950
16974
16977
16983
16984
17007
17026
17035
17044
17048
17056
17071
17073
17089
17102
17103
17111
17123
17123
17126
17127
17144
17149
17159
17182
17228
17235
17245
17252
17257
17272
17294
17302
17316
17323
17330
17331
17353
17357
17375
17401
17410
17418
17421
17424
17436
17451
17453
17461
17470
17472
17473
17491
17526
17528
17528
17539
17543
17545
17552
17586
17588
17595
17599
17626
17638
17659
17659
17674
17680
17687
17692
17705
17708
17715
17724
17756
17773
17796
17829
17834
17834
17852
17858
17886
17892
17943
17952
17969
17970
17974
18008
18009
18014
18026
18043
18046
18056
18076
18087
18097
18101
18115
18118
18119
18122
18127
18129
18135
18147
18161
18169
18176
18185
18209
18213
18216
18236
18243
18252
18254
18267
18268
18276
18278
18280
18289
18298
18315
18315
18329
18334
18338
18338
18340
18352
18352
18373
18386
18388
18397
18409
18412
18416
18417
18423
18446
18470
18471
18485
18514
18526
18537
18549
18554
18561
18569
18570
18570
18588
18630
18636
18641
18643
18663
18668
18669
18683
18713
18714
18731
18755
18755
18770
18771
18772
18774
18783
18783
18785
18794
18798
18798
18812
18826
18826
18832
18837
18839
18842
18860
18860
18862
18879
18889
18894
18922
18928
18933
18940
18940
18964
18969
18969
18977
18998
19004
19012
19031
19052
19061
19062
19073
19077
19092
19096
19098
19103
19113
19116
19117
19125
19165
19166
19171
19177
19182
19232
19239
19246
19268
19268
19272
19277
19283
19283
19294
19296
19297
19323
19346
19362
19365
19376
19379
19384
19407
19417
19420
19426
19443
19448
19470
19486
19490
19508
19513
19567
19575
19578
19617
19621
19626
19635
19657
19671
19671
19675
19679
19689
19698
19707
19714
19722
19730
19732
19740
19745
19748
19765
19771
19787
19795
19796
19801
19803
19804
19807
19819
19824
19828
19838
19842
19852
19853
19887
19901
19908
19908
19910
19931
19932
19936
19939
19943
19954
19975
19980
19983
19998
20022
20031
20032
20039
20041
20060
20063
20092
20104
20144
20152
20158
20177
20180
20183
20192
20195
20210
20215
20221
20238
20258
20267
20271
20274
20284
20287
20288
20306
20312
20312
20326
20328
20337
20346
20359
20408
20414
20414
20415
20421
20421
20433
20448
20451
20470
20475
20480
20484
20494
20498
20498
20502
20511
20512
20514
20517
20522
20535
20536
20554
20603
20609
20612
20635
20642
20654
20655
20659
20675
20684
20684
20695
20715
20718
20727
20742
20751
20756
20762
20771
20775
20781
20786
20792
20808
20812
20858
20874
20875
20925
20932
20933
20940
20944
20952
20975
20978
20984
20993
20993
20993
20996
20998
21004
21045
21052
21052
21067
21081
21107
21146
21173
21216
21220
21231
21247
21249
21261
21264
21270
21274
21275
21284
21293
21297
21307
21333
21333
21353
21378
21379
21391
21410
21440
21442
21443
21448
21453
21461
21471
21493
21508
21518
21532
21540
21547
21551
21551
21551
21578
21587
21590
21593
21618
21631
21638
21668
21671
21682
21691
21700
21701
21702
21702
21705
21710
21717
21718
21730
21731
21745
21767
21791
21801
21827
21832
21856
21862
21868
21900
21901
21909
21917
21923
21942
21950
21950
21950
21957
21965
21969
21991
22020
22032
22040
22054
22063
22064
22071
22091
22096
22098
22103
22103
22104
22111
22130
22186
22208
22235
22239
22256
22259
22259
22266
22282
22290
22293
22296
22304
22319
22354
22360
22365
22367
22383
22397
22398
22462
22476
22477
22487
22490
22498
22507
22517
22517
22528
22529
22529
22614
22620
22632
22662
22665
22667
22669
22671
22674
22687
22713
22728
22739
22749
22750
22750
22757
22765
22769
22774
22788
22788
22796
22798
22807
22812
22821
22835
22838
22874
22877
22885
22896
22914
22923
22931
22931
22936
22948
22960
22979
22979
22988
22996
23001
23029
23038
23052
23057
23062
23063
23093
23098
23103
23103
23105
23110
23119
23125
23142
23143
23150
23160
23168
23181
23187
23187
23199
23200
23204
23224
23224
23270
23280
23286
23288
23297
23306
23314
23330
23335
23342
23343
23347
23359
23366
23367
23373
23397
23408
23455
23467
23484
23487
23497
23501
23505
23519
23525
23551
23566
23575
23610
23646
23663
23670
23677
23679
23684
23694
23698
23700
23700
23700
23714
23728
23740
23743
23746
23752
23756
23757
23762
23792
23822
23826
23836
23839
23843
23853
23855
23869
23870
23881
23890
23890
23905
23923
23938
23950
23962
23965
23975
23979
23995
24012
24018
24047
24071
24080
24085
24094
24111
24116
24130
24149
24164
24178
24181
24191
24194
24226
24242
24305
24309
24329
24330
24331
24336
24346
24346
24375
24377
24384
24388
24400
24408
24409
24430
24436
24437
24442
24465
24467
24484
24494
24501
24514
24519
24537
24568
24570
24585
24591
24596
24597
24614
24629
24639
24640
24658
24660
24671
24687
24689
24695
24734
24736
24737
24738
24742
24746
24746
24760
24774
24805
24813
24821
24831
24839
24846
24847
24855
24858
24860
24860
24867
24870
24904
24911
24919
24920
24922
24935
24936
24936
24945
24953
24962
24962
24967
25006
25010
25012
25017
25022
25024
25050
25050
25075
25089
25090
25099
25112
25116
25116
25137
25137
25144
25165
25169
25175
25178
25183
25187
25204
25212
25214
25216
25238
25241
25255
25259
25263
25271
25273
25276
25284
25287
25289
25293
25296
25306
25306
25322
25328
25333
25335
25340
25353
25359
25364
25372
25375
25383
25384
25394
25397
25401
25424
25428
25431
25444
25468
25469
25478
25487
25491
25491
25497
25500
25515
25565
25567
25575
25579
25585
25586
25599
25616
25616
25645
25651
25682
25702
25723
25723
25729
25736
25762
25765
25786
25791
25793
25794
25798
25800
25805
25815
25841
25843
25849
25852
25852
25853
25863
25870
25872
25872
25892
25904
25910
25920
25934
25947
25975
25979
26029
26038
26063
26071
26088
26099
26102
26104
26111
26129
26141
26149
26149
26152
26155
26158
26161
26169
26170
26184
26196
26202
26203
26215
26228
26234
26249
26252
26262
26264
26266
26270
26270
26280
26283
26289
26303
26305
26314
26321
26341
26355
26373
26375
26380
26394
26395
26434
26442
26456
26466
26470
26474
26480
26485
26487
26494
26499
26510
26511
26523
26526
26533
26543
26549
26551
26566
26584
26599
26601
26602
26608
26610
26624
26635
26660
26667
26686
26705
26711
26717
26723
26726
26726
26749
26749
26790
26801
26802
26814
26836
26841
26854
26861
26876
26882
26886
26889
26897
26898
26898
26913
26916
26925
26940
26947
26953
26957
26966
26979
26988
26998
27019
27041
27049
27058
27059
27074
27094
27110
27121
27152
27157
27173
27175
27177
27194
27206
27209
27215
27236
27252
27279
27310
27312
27331
27346
27350
27374
27378
27389
27391
27392
27419
27444
27468
27468
27507
27515
27531
27534
27552
27559
27568
27581
27585
27610
27612
27658
27661
27665
27669
27676
27701
27720
27769
27792
27816
27819
27828
27830
27835
27836
27837
27855
27881
27893
27896
27901
27906
27917
27923
27937
27945
27952
27976
28001
28003
28011
28024
28035
28042
28052
28052
28059
28064
28080
28083
28084
28086
28105
28105
28106
28107
28111
28112
28127
28129
28131
28137
28149
28162
28166
28172
28177
28182
28182
28191
28192
28213
28221
28226
28229
28244
28246
28248
28274
28285
28292
28298
28310
28323
28323
28324
28328
28330
28347
28359
28362
28379
28402
28405
28426
28441
28443
28453
28464
28465
28465
28472
28474
28499
28508
28531
28532
28538
28545
28578
28587
28594
28597
28598
28610
28617
28620
28621
28642
28651
28654
28656
28659
28669
28676
28677
28679
28714
28725
28733
28757
28766
28767
28798
28837
28842
28860
28862
28881
28897
28903
28911
28916
28930
28957
28959
28960
28968
28968
28978
28987
28988
28996
29013
29048
29050
29055
29058
29059
29060
29061
29068
29072
29075
29079
29082
29084
29116
29128
29133
29140
29145
29160
29190
29197
29198
29204
29206
29224
29228
29249
29254
29270
29300
29307
29315
29327
29330
29333
29334
29346
29365
29401
29405
29436
29444
29451
29458
29489
29505
29507
29508
29508
29526
29526
29536
29539
29547
29554
29582
29592
29594
29594
29596
29630
29634
29663
29668
29673
29679
29683
29696
29707
29710
29721
29749
29755
29762
29773
29790
29804
29825
29826
29840
29851
29851
29860
29888
29889
29898
29932
29947
29953
29956
29962
29980
29983
29984
29989
29992
29993
29996
29998
30018
30025
30030
30033
30036
30046
30046
30047
30047
30054
30060
30064
30068
30076
30077
30079
30081
30086
30103
30109
30116
30125
30126
30146
30150
30157
30173
30174
30187
30213
30213
30220
30225
30238
30249
30252
30256
30265
30266
30284
30291
30303
30303
30304
30307
30343
30355
30363
30367
30375
30380
30384
30385
30388
30388
30411
30423
30425
30428
30435
30441
30459
30460
30464
30471
30476
30489
30513
30516
30528
30548
30550
30551
30561
30572
30578
30581
30589
30596
30605
30609
30610
30613
30631
30648
30649
30659
30701
30705
30705
30706
30711
30722
30746
30750
30762
30765
30791
30795
30801
30802
30826
30845
30845
30849
30864
30868
30868
30874
30883
30885
30888
30897
30919
30942
30949
30953
30982
30984
30986
31023
31048
31049
31055
31063
31072
31075
31080
31107
31110
31113
31117
31132
31135
31160
31170
31190
31204
31204
31207
31222
31229
31239
31240
31244
31244
31251
31254
31275
31285
31297
31305
31311
31316
31317
31325
31335
31361
31365
31382
31393
31404
31406
31407
31420
31441
31442
31452
31479
31480
31481
31493
31504
31513
31535
31548
31552
31570
31580
31582
31611
31616
31618
31619
31653
31663
31675
31688
31697
31699
31703
31707
31711
31714
31730
31734
31739
31744
31751
31769
31770
31797
31798
31811
31814
31840
31850
31861
31869
31873
31899
31918
31921
31933
31942
31950
31956
31957
32006
32034
32049
32050
32052
32054
32063
32073
32073
32074
32101
32110
32123
32126
32161
32168
32169
32180
32183
32194
32208
32220
32225
32241
32249
32286
32288
32299
32321
32349
32368
32369
32373
32382
32389
32396
32396
32398
32402
32403
32408
32414
32428
32430
32432
32433
32434
32445
32455
32511
32520
32528
32549
32552
32557
32566
32571
32580
32586
32602
32607
32610
32614
32615
32620
32647
32649
32652
32652
32667
32672
32690
32703
32724
32728
32729
32735
32740
32748
32750
32753
32761
32767
32772
32801
32806
32814
32815
32849
32855
32862
32862
32873
32892
32897
32914
32923
32923
32925
32930
32940
32943
32945
32959
32970
32983
32992
32997
33009
33023
33048
33054
33055
33066
33066
33086
33098
33102
33115
33116
33119
33124
33166
33183
33184
33215
33221
33232
33257
33258
33263
33276
33288
33307
33311
33320
33333
33337
33338
33348
33363
33365
33388
33394
33396
33403
33415
33429
33470
33477
33504
33516
33519
33525
33538
33540
33550
33552
33555
33558
33563
33569
33575
33598
33599
33635
33638
33639
33643
33646
33653
33683
33689
33698
33707
33723
33732
33736
33741
33752
33792
33800
33801
33808
33835
33836
33847
33854
33855
33864
33887
33899
33918
33933
33938
33941
33954
33958
34012
34012
34017
34034
34038
34046
34052
34063
34104
34118
34123
34143
34143
34144
34154
34166
34180
34181
34188
34209
34221
34229
34250
34262
34262
34265
34278
34285
34290
34294
34299
34309
34311
34315
34316
34322
34328
34354
34362
34367
34374
34376
34386
34393
34405
34407
34423
34439
34440
34440
34448
34454
34467
34479
34486
34490
34492
34496
34501
34514
34549
34561
34561
34570
34604
34616
34632
34641
34652
34654
34658
34664
34704
34708
34711
34766
34774
34794
34795
34817
34835
34846
34855
34856
34858
34867
34870
34881
34883
34885
34890
34914
34919
34925
34938
34940
34956
34964
34968
34976
34992
34993
35002
35009
35019
35023
35034
35051
35052
35068
35079
35084
35085
35098
35098
35098
35100
35102
35107
35107
35111
35121
35121
35128
35135
35141
35144
35144
35155
35162
35183
35184
35189
35191
35194
35216
35222
35241
35261
35283
35290
35310
35312
35314
35324
35333
35337
35340
35344
35358
35368
35377
35378
35380
35391
35399
35405
35410
35418
35469
35476
35476
35486
35487
35493
35496
35501
35518
35519
35520
35562
35567
35569
35598
35617
35621
35624
35647
35650
35674
35706
35714
35717
35721
35737
35738
35747
35749
35773
35788
35793
35793
35794
35820
35840
35845
35854
35865
35900
35903
35907
35908
35908
35913
35931
35939
35951
35958
35982
36002
36016
36021
36031
36058
36060
36078
36098
36122
36124
36126
36127
36144
36153
36154
36156
36170
36175
36195
36209
36218
36238
36238
36244
36261
36286
36287
36315
36328
36334
36337
36339
36351
36367
36369
36401
36413
36426
36427
36475
36491
36498
36498
36512
36513
36520
36522
36525
36528
36536
36538
36549
36558
36564
36595
36597
36599
36599
36603
36607
36618
36620
36642
36643
36644
36648
36666
36678
36684
36699
36702
36706
36712
36714
36728
36738
36746
36747
36752
36760
36763
36786
36796
36812
36819
36821
36824
36824
36844
36847
36861
36880
36884
36886
36890
36901
36909
36916
36918
36926
36973
36977
36981
36990
36990
36996
37015
37023
37026
37026
37036
37038
37041
37045
37047
37056
37060
37062
37066
37075
37081
37083
37091
37091
37094
37096
37099
37099
37100
37100
37113
37131
37131
37149
37170
37175
37177
37181
37232
37235
37244
37256
37261
37269
37286
37288
37291
37300
37303
37305
37310
37312
37318
37325
37326
37333
37344
37365
37371
37371
37374
37377
37388
37389
37390
37400
37425
37434
37440
37442
37446
37465
37466
37482
37498
37523
37523
37528
37531
37547
37551
37581
37592
37596
37602
37616
37620
37651
37652
37655
37679
37736
37751
37757
37762
37802
37805
37828
37830
37845
37879
37903
37904
37904
37906
37921
37950
37963
37975
37996
38019
38019
38023
38030
38042
38043
38048
38050
38054
38058
38080
38080
38083
38100
38104
38106
38118
38140
38145
38155
38157
38185
38197
38200
38208
38215
38235
38243
38245
38273
38274
38275
38299
38303
38304
38307
38330
38336
38342
38387
38397
38398
38399
38402
38411
38427
38428
38437
38443
38457
38464
38517
38521
38554
38569
38576
38586
38588
38612
38614
38614
38617
38628
38645
38645
38650
38681
38689
38728
38730
38742
38744
38750
38755
38757
38761
38764
38776
38788
38828
38831
38831
38832
38839
38839
38849
38868
38898
38916
38921
38923
38930
38931
38981
38998
39000
39002
39003
39012
39013
39028
39039
39040
39049
39050
39058
39061
39063
39076
39083
39092
39093
39095
39121
39128
39131
39132
39136
39142
39143
39149
39160
39165
39171
39186
39195
39205
39225
39225
39230
39231
39265
39316
39325
39329
39353
39357
39361
39388
39388
39410
39412
39412
39417
39429
39430
39442
39444
39450
39454
39455
39457
39478
39481
39487
39490
39508
39509
39511
39529
39539
39560
39560
39566
39568
39584
39598
39601
39605
39607
39614
39618
39620
39620
39629
39635
39641
39644
39654
39692
39706
39710
39751
39757
39761
39761
39766
39780
39780
39806
39807
39811
39835
39843
39844
39845
39847
39855
39871
39872
39884
39896
39910
39933
39949
39950
39953
39953
39956
39998
40012
40026
40027
40032
40033
40038
40042
40045
40065
40076
40085
40086
40087
40109
40123
40144
40145
40145
40147
40161
40164
40170
40180
40185
40199
40217
40224
40234
40256
40258
40274
40276
40299
40325
40328
40332
40350
40355
40358
40368
40393
40394
40396
40396
40402
40403
40408
40408
40445
40455
40456
40462
40466
40480
40500
40530
40561
40574
40587
40612
40621
40641
40650
40665
40669
40676
40680
40682
40684
40694
40698
40723
40740
40751
40752
40772
40775
40811
40839
40872
40879
40882
40887
40910
40918
40942
40952
40982
40982
40983
40986
40998
41004
41014
41026
41033
41035
41042
41057
41057
41060
41062
41083
41086
41099
41107
41112
41133
41137
41137
41139
41159
41159
41165
41178
41189
41200
41211
41214
41242
41250
41270
41270
41270
41303
41313
41318
41319
41319
41326
41337
41339
41345
41382
41404
41410
41421
41431
41432
41458
41459
41459
41460
41468
41469
41484
41491
41498
41502
41506
41520
41569
41591
41594
41602
41615
41619
41624
41627
41627
41638
41655
41658
41659
41668
41669
41688
41689
41692
41695
41699
41703
41704
41707
41709
41710
41715
41733
41749
41753
41770
41774
41783
41792
41795
41796
41833
41853
41861
41870
41879
41883
41884
41886
41910
41912
41918
41918
41953
41983
41996
42009
42020
42026
42027
42055
42060
42065
42072
42084
42086
42088
42093
42116
42126
42127
42150
42156
42169
42194
42196
42202
42205
42217
42226
42231
42245
42255
42263
42279
42301
42316
42325
42334
42338
42349
42350
42352
42357
42387
42412
42414
42417
42442
42444
42463
42465
42486
42492
42494
42494
42529
42530
42532
42538
42541
42570
42595
42595
42599
42602
42606
42609
42617
42628
42631
42685
42695
42697
42710
42713
42713
42717
42720
42727
42728
42743
42746
42758
42758
42762
42781
42790
42793
42803
42816
42818
42822
42839
42897
42902
42905
42921
42921
42923
42941
42956
42969
42991
42996
43001
43014
43018
43018
43018
43029
43041
43045
43053
43079
43099
43144
43146
43190
43195
43212
43236
43237
43239
43262
43271
43271
43319
43335
43337
43345
43350
43361
43379
43385
43423
43436
43443
43461
43465
43493
43503
43505
43509
43519
43525
43528
43544
43550
43554
43560
43572
43576
43604
43608
43609
43610
43622
43628
43629
43631
43635
43643
43665
43674
43675
43682
43684
43698
43715
43724
43755
43762
43797
43797
43816
43827
43828
43837
43843
43871
43877
43879
43885
43898
43899
43903
43932
43941
43945
43952
43957
43971
43977
43984
43988
44002
44007
44012
44015
44066
44086
44127
44135
44156
44157
44159
44166
44182
44184
44200
44206
44210
44211
44221
44226
44235
44244
44274
44282
44285
44287
44305
44313
44340
44365
44404
44405
44409
44417
44429
44436
44441
44444
44461
44469
44508
44542
44547
44548
44580
44583
44591
44601
44614
44615
44626
44627
44650
44662
44670
44671
44673
44682
44684
44697
44700
44723
44735
44748
44759
44763
44794
44837
44838
44844
44845
44855
44863
44873
44880
44881
44889
44890
44897
44899
44909
44911
44912
44913
44921
44929
44941
44943
44954
44956
44963
44964
44970
44973
44982
45046
45063
45067
45076
45105
45109
45111
45129
45139
45159
45162
45197
45201
45220
45235
45247
45247
45263
45267
45275
45276
45286
45291
45298
45303
45306
45306
45307
45327
45330
45339
45339
45344
45351
45352
45355
45355
45365
45381
45393
45401
45405
45410
45414
45422
45423
45425
45437
45445
45458
45467
45479
45498
45523
45528
45530
45531
45534
45545
45550
45570
45585
45592
45601
45605
45633
45645
45645
45651
45667
45676
45695
45698
45700
45711
45714
45723
45726
45740
45743
45745
45762
45770
45798
45831
45839
45848
45850
45875
45891
45892
45895
45896
45898
45901
45905
45909
45915
45960
45972
45985
45989
46023
46035
46046
46061
46062
46077
46080
46098
46118
46123
46126
46127
46139
46140
46142
46144
46152
46155
46161
46171
46172
46172
46177
46186
46231
46232
46234
46235
46251
46264
46279
46279
46314
46322
46325
46331
46342
46345
46353
46358
46381
46388
46393
46399
46407
46407
46410
46422
46427
46436
46437
46449
46488
46489
46494
46518
46524
46537
46538
46553
46559
46559
46583
46591
46613
46624
46641
46641
46643
46648
46660
46672
46701
46706
46718
46719
46747
46774
46792
46805
46820
46830
46834
46835
46839
46843
46846
46853
46861
46864
46872
46875
46904
46915
46933
46969
46986
47001
47004
47005
47033
47047
47051
47077
47077
47089
47104
47106
47111
47118
47120
47126
47142
47144
47145
47157
47184
47188
47189
47200
47212
47245
47252
47260
47267
47284
47292
47304
47312
47315
47319
47344
47355
47376
47388
47392
47403
47403
47411
47415
47417
47418
47419
47430
47445
47451
47456
47474
47496
47507
47520
47520
47522
47528
47545
47568
47590
47600
47622
47629
47630
47645
47651
47672
47687
47693
47695
47708
47736
47762
47766
47769
47776
47778
47779
47785
47787
47807
47812
47852
47873
47874
47875
47889
47890
47911
47911
47911
47912
47973
47978
47986
47991
48010
48020
48035
48055
48067
48114
48116
48119
48140
48146
48162
48164
48172
48189
48199
48211
48217
48217
48225
48234
48256
48273
48287
48293
48295
48298
48301
48302
48342
48345
48350
48358
48364
48367
48377
48384
48422
48437
48446
48449
48451
48462
48473
48496
48499
48503
48513
48518
48522
48535
48546
48548
48568
48595
48617
48624
48630
48632
48663
48665
48671
48675
48680
48685
48690
48692
48694
48703
48720
48726
48734
48735
48748
48752
48754
48756
48759
48767
48768
48771
48778
48778
48793
48798
48803
48804
48817
48831
48842
48845
48846
48847
48861
48863
48867
48876
48878
48884
48898
48905
48916
48943
48947
48950
48971
48975
48985
48985
49030
49033
49056
49060
49081
49112
49123
49131
49137
49143
49147
49148
49153
49166
49180
49198
49199
49210
49217
49255
49269
49278
49291
49294
49296
49298
49300
49304
49342
49342
49378
49381
49386
49393
49447
49451
49482
49503
49538
49541
49541
49542
49578
49593
49597
49612
49613
49620
49621
49627
49635
49644
49648
49661
49667
49669
49675
49677
49694
49697
49700
49706
49736
49742
49762
49763
49770
49773
49781
49791
49795
49799
49799
49803
49811
49816
49836
49842
49849
49852
49861
49865
49865
49870
49883
49892
49893
49910
49926
49928
49930
49931
49954
49983
50016
50016
50019
50028
50032
50040
50066
50069
50070
50080
50082
50084
50095
50103
50107
50109
50110
50118
50148
50159
50164
50177
50212
50224
50224
50226
50261
50277
50283
50288
50298
50315
50324
50328
50333
50335
50358
50374
50390
50402
50410
50410
50411
50420
50432
50441
50442
50443
50452
50491
50499
50501
50502
50504
50504
50533
50540
50549
50552
50555
50578
50593
50595
50611
50613
50615
50632
50641
50664
50670
50679
50690
50695
50699
50704
50705
50715
50715
50724
50732
50734
50757
50768
50769
50782
50793
50793
50813
50814
50818
50827
50834
50844
50845
50849
50850
50879
50881
50883
50890
50917
50930
50939
50942
50945
50954
50995
51007
51011
51013
51022
51022
51044
51049
51052
51060
51063
51068
51070
51074
51100
51111
51119
51128
51137
51138
51169
51170
51178
51217
51240
51241
51244
51258
51262
51296
51311
51320
51324
51333
51335
51340
51348
51349
51350
51361
51367
51371
51371
51388
51391
51398
51415
51417
51423
51427
51436
51436
51448
51469
51494
51503
51537
51537
51546
51549
51549
51560
51563
51565
51589
51591
51600
51604
51616
51620
51627
51635
51639
51649
51661
51666
51675
51677
51679
51699
51699
51723
51740
51748
51772
51772
51785
51805
51814
51828
51831
51842
51843
51845
51859
51881
51887
51896
51915
51920
51930
51931
51933
51946
51950
51955
52002
52027
52030
52067
52086
52116
52136
52146
52150
52161
52170
52173
52182
52184
52200
52213
52223
52233
52239
52246
52250
52252
52252
52270
52271
52277
52283
52302
52312
52328
52373
52377
52377
52403
52409
52416
52423
52436
52442
52443
52443
52459
52463
52465
52470
52582
52585
52618
52631
52638
52647
52665
52680
52695
52721
52723
52741
52741
52756
52756
52757
52760
52764
52772
52783
52788
52789
52794
52798
52799
52814
52841
52845
52847
52859
52865
52871
52879
52879
52885
52890
52897
52899
52902
52951
52964
52965
53001
53004
53010
53030
53051
53057
53073
53076
53077
53090
53100
53104
53136
53162
53165
53186
53193
53194
53200
53207
53217
53219
53220
53227
53242
53243
53258
53267
53275
53311
53312
53336
53342
53368
53381
53398
53418
53429
53478
53478
53479
53483
53485
53490
53502
53535
53538
53563
53592
53597
53602
53627
53641
53662
53668
53693
53697
53718
53725
53739
53760
53765
53769
53780
53819
53822
53830
53830
53838
53864
53870
53903
53931
53956
53960
53969
53972
53972
53976
53977
53983
53988
54011
54028
54030
54039
54042
54043
54056
54059
54060
54072
54077
54081
54087
54095
54106
54108
54122
54126
54128
54128
54157
54158
54160
54161
54163
54175
54188
54195
54199
54210
54218
54240
54243
54246
54266
54273
54283
54298
54311
54317
54317
54322
54331
54342
54354
54378
54381
54391
54393
54396
54406
54417
54432
54436
54452
54457
54463
54467
54469
54475
54481
54483
54489
54496
54504
54530
54560
54567
54572
54572
54576
54578
54593
54598
54600
54604
54606
54643
54658
54660
54668
54725
54731
54740
54745
54754
54763
54768
54780
54789
54792
54806
54813
54814
54815
54822
54833
54847
54858
54863
54868
54873
54903
54905
54905
54907
54910
54916
54927
54932
54958
54974
54985
54993
55035
55040
55056
55060
55063
55064
55072
55079
55098
55114
55133
55147
55156
55166
55182
55192
55195
55197
55200
55203
55211
55217
55223
55228
55240
55242
55253
55264
55266
55267
55276
55279
55289
55301
55301
55313
55324
55339
55346
55353
55355
55376
55400
55404
55413
55436
55469
55474
55478
55484
55490
55494
55498
55516
55521
55540
55556
55556
55584
55591
55610
55615
55623
55628
55633
55634
55639
55640
55642
55646
55647
55652
55658
55662
55681
55696
55697
55699
55700
55718
55729
55737
55742
55748
55763
55770
55770
55778
55779
55801
55819
55840
55843
55854
55887
55892
55905
55916
55935
55940
55945
55961
55963
55973
55986
55991
56008
56008
56022
56022
56022
56031
56032
56033
56049
56051
56052
56052
56063
56068
56069
56081
56083
56089
56094
56095
56102
56105
56125
56152
56159
56173
56181
56187
56239
56277
56279
56284
56302
56302
56321
56324
56327
56329
56338
56364
56384
56385
56388
56388
56397
56405
56416
56419
56420
56425
56428
56429
56433
56435
56437
56447
56448
56466
56496
56513
56529
56538
56541
56552
56582
56597
56606
56608
56623
56639
56656
56657
56665
56679
56683
56694
56697
56709
56713
56714
56717
56723
56736
56750
56754
56763
56798
56806
56807
56810
56845
56856
56864
56865
56866
56873
56878
56886
56902
56906
56915
56918
56921
56943
56948
56960
56977
56986
56987
56988
57015
57019
57027
57044
57051
57056
57056
57102
57116
57125
57126
57133
57164
57181
57188
57193
57198
57201
57207
57225
57228
57236
57239
57301
57303
57303
57309
57313
57324
57324
57327
57328
57333
57344
57348
57363
57365
57375
57394
57396
57412
57440
57440
57446
57448
57456
57466
57472
57474
57484
57485
57522
57569
57573
57580
57599
57608
57609
57611
57612
57646
57646
57648
57650
57662
57668
57704
57708
57717
57722
57724
57728
57749
57776
57808
57815
57835
57846
57847
57860
57861
57883
57884
57886
57905
57925
57928
57942
57956
57973
57973
58011
58020
58020
58041
58054
58117
58119
58121
58127
58134
58135
58150
58153
58167
58168
58173
58179
58185
58205
58227
58231
58235
58246
58290
58293
58308
58314
58327
58334
58338
58341
58363
58365
58375
58379
58402
58403
58421
58432
58463
58468
58473
58482
58489
58505
58525
58528
58531
58561
58566
58617
58630
58636
58654
58657
58661
58667
58669
58670
58673
58685
58687
58715
58727
58745
58758
58764
58795
58795
58798
58803
58804
58805
58823
58827
58840
58842
58869
58872
58874
58874
58893
58921
58925
58933
58934
58934
58935
58949
58953
58954
58957
58969
58980
58989
58990
58993
58995
59002
59017
59042
59057
59058
59060
59062
59071
59078
59079
59081
59094
59095
59096
59098
59102
59131
59141
59146
59165
59189
59195
59199
59213
59217
59225
59229
59235
59241
59242
59246
59248
59261
59277
59282
59293
59297
59302
59399
59403
59427
59438
59441
59455
59463
59488
59490
59494
59498
59502
59507
59507
59511
59520
59542
59565
59567
59569
59584
59590
59596
59597
59620
59624
59633
59634
59638
59643
59658
59673
59679
59707
59719
59721
59725
59744
59766
59785
59787
59807
59815
59832
59839
59839
59853
59856
59871
59902
59914
59924
59924
59928
59934
59940
59951
59956
59975
59979
59979
59989
60037
60037
60042
60059
60068
60071
60072
60078
60106
60114
60114
60128
60157
60164
60165
60166
60172
60176
60198
60203
60205
60229
60231
60268
60271
60311
60313
60329
60335
60336
60337
60350
60374
60385
60403
60407
60407
60421
60440
60442
60446
60461
60478
60490
60491
60515
60534
60563
60567
60569
60576
60576
60600
60605
60606
60644
60672
60703
60705
60705
60712
60718
60724
60725
60730
60737
60750
60755
60764
60787
60800
60817
60821
60880
60887
60892
60902
60902
60908
60912
60923
60938
60942
60946
60947
60956
60965
60981
61003
61010
61010
61024
61030
61052
61089
61096
61099
61132
61145
61181
61228
61261
61266
61269
61269
61287
61290
61298
61299
61299
61304
61307
61331
61335
61341
61346
61347
61353
61359
61363
61374
61381
61382
61384
61389
61398
61400
61404
61415
61446
61450
61455
61466
61472
61481
61491
61509
61528
61545
61553
61563
61577
61579
61586
61586
61603
61631
61651
61658
61660
61669
61672
61673
61684
61686
61691
61697
61699
61701
61703
61708
61721
61725
61736
61737
61743
61753
61756
61770
61773
61782
61791
61800
61812
61814
61834
61837
61844
61845
61851
61859
61861
61866
61867
61881
61909
61911
61913
61919
61929
61947
61951
61957
61966
61973
62002
62003
62008
62032
62032
62042
62048
62052
62061
62077
62078
62085
62085
62100
62100
62102
62126
62128
62133
62157
62162
62165
62197
62207
62211
62212
62242
62278
62293
62294
62299
62307
62314
62323
62326
62350
62369
62374
62384
62409
62411
62427
62429
62453
62470
62479
62480
62497
62517
62523
62532
62533
62547
62560
62583
62600
62605
62610
62618
62623
62712
62721
62741
62746
62760
62763
62768
62770
62772
62788
62788
62789
62798
62805
62806
62818
62821
62837
62838
62840
62841
62843
62843
62844
62845
62853
62859
62878
62883
62888
62889
62900
62909
62913
62928
62936
62945
62955
62959
62960
62968
62972
62973
62988
62991
62996
63003
63009
63031
63039
63056
63113
63118
63125
63128
63136
63139
63172
63193
63199
63214
63239
63253
63258
63265
63265
63275
63284
63288
63309
63320
63320
63325
63329
63330
63334
63349
63361
63402
63406
63408
63430
63440
63445
63452
63460
63464
63465
63469
63470
63476
63488
63492
63507
63510
63534
63535
63539
63540
63547
63557
63559
63579
63587
63587
63599
63619
63622
63624
63649
63656
63669
63672
63692
63694
63695
63699
63711
63726
63732
63732
63738
63742
63749
63757
63758
63762
63768
63770
63784
63792
63796
63812
63813
63815
63819
63820
63826
63827
63848
63860
63882
63886
63896
63912
63937
63967
63990
64011
64012
64021
64023
64024
64026
64040
64045
64097
64101
64133
64141
64153
64164
64184
64187
64188
64207
64209
64210
64221
64224
64259
64300
64316
64333
64344
64361
64386
64388
64391
64394
64396
64397
64400
64407
64422
64438
64441
64457
64488
64491
64497
64509
64512
64521
64531
64569
64587
64590
64602
64614
64622
64631
64635
64648
64654
64666
64694
64696
64718
64723
64747
64776
64776
64781
64791
64795
64802
64804
64825
64848
64853
64873
64879
64906
64906
64908
64909
64912
64914
64916
64936
64937
64961
64961
64962
64983
64984
64986
64992
65002
65016
65044
65045
65046
65053
65077
65078
65088
65101
65104
65120
65125
65132
65135
65153
65179
65188
65188
65202
65213
65214
65229
65230
65245
65261
65270
65274
65275
65292
65296
65307
65327
65347
65348
65349
65351
65353
65361
65369
65391
65398
65402
65409
65425
65428
65439
65454
65465
65473
65477
65479
65485
65500
65507
65517
65520
65526
65552
65560
65561
65562
65567
65570
65573
65584
65590
65620
65629
65642
65647
65656
65662
65673
65687
65688
65695
65712
65717
65727
65758
65808
65820
65853
65856
65859
65859
65861
65885
65928
65943
65945
65952
65954
65967
65988
65988
65989
66008
66019
66022
66047
66056
66072
66081
66101
66104
66111
66132
66134
66140
66148
66165
66167
66192
66199
66214
66218
66221
66225
66230
66241
66242
66251
66264
66281
66282
66285
66304
66308
66359
66364
66371
66386
66391
66400
66414
66420
66432
66442
66442
66443
66461
66461
66477
66490
66494
66521
66542
66543
66547
66550
66554
66560
66569
66574
66574
66577
66601
66636
66641
66646
66657
66665
66691
66695
66701
66729
66730
66745
66787
66792
66796
66806
66826
66826
66839
66852
66853
66856
66876
66894
66926
66934
66963
66974
66976
66978
66980
66982
66985
66987
67013
67016
67022
67037
67038
67039
67040
67046
67047
67048
67060
67060
67074
67088
67092
67098
67123
67138
67150
67186
67189
67199
67202
67209
67253
67255
67271
67290
67308
67344
67365
67372
67372
67400
67402
67415
67441
67444
67475
67489
67497
67499
67504
67524
67568
67598
67606
67608
67618
67638
67641
67643
67672
67680
67681
67717
67718
67719
67728
67731
67762
67765
67771
67796
67799
67811
67849
67863
67878
67882
67882
67891
67892
67908
67912
67927
67935
67960
68011
68023
68039
68040
68054
68057
68064
68080
68142
68162
68167
68180
68183
68191
68228
68241
68243
68248
68255
68262
68278
68279
68287
68291
68294
68305
68308
68310
68322
68338
68347
68351
68356
68396
68401
68413
68427
68428
68431
68437
68463
68464
68477
68491
68517
68562
68576
68590
68605
68609
68613
68625
68638
68653
68660
68667
68673
68692
68692
68701
68727
68732
68734
68738
68747
68773
68777
68794
68797
68798
68810
68823
68828
68846
68848
68853
68871
68895
68907
68918
68920
68924
68934
68938
68945
68947
68964
68991
68992
69003
69029
69036
69050
69054
69070
69097
69099
69124
69133
69151
69152
69171
69177
69185
69188
69189
69191
69196
69203
69206
69209
69211
69215
69219
69220
69229
69233
69237
69242
69244
69245
69253
69257
69260
69261
69271
69272
69274
69276
69284
69286
69379
69387
69431
69454
69463
69481
69494
69496
69498
69499
69506
69507
69546
69556
69577
69582
69584
69589
69638
69643
69678
69688
69698
69706
69716
69745
69762
69763
69764
69765
69773
69791
69793
69811
69816
69829
69837
69839
69847
69857
69860
69867
69874
69880
69887
69896
69941
69963
69966
69979
69980
70000
70013
70026
70027
70033
70035
70035
70043
70058
70065
70067
70071
70075
70076
70080
70085
70104
70108
70111
70112
70131
70135
70149
70150
70164
70169
70172
70178
70178
70195
70205
70209
70235
70241
70244
70251
70263
70263
70265
70269
70281
70289
70298
70300
70320
70323
70331
70347
70351
70352
70353
70359
70410
70414
70434
70457
70478
70486
70505
70514
70528
70538
70553
70589
70592
70605
70607
70613
70621
70627
70628
70634
70650
70656
70661
70672
70699
70721
70726
70736
70791
70803
70820
70822
70824
70829
70841
70845
70851
70853
70870
70885
70887
70892
70898
70914
70946
70953
70960
70967
70972
70977
70986
70989
71000
71003
71003
71023
71045
71055
71077
71093
71100
71108
71121
71126
71145
71154
71170
71172
71174
71182
71190
71194
71195
71203
71225
71231
71234
71241
71261
71274
71278
71279
71281
71282
71284
71329
71330
71341
71346
71347
71359
71360
71363
71382
71389
71394
71408
71412
71416
71418
71422
71436
71452
71463
71486
71489
71490
71499
71509
71510
71513
71517
71529
71530
71577
71586
71607
71620
71627
71638
71645
71646
71658
71662
71681
71685
71707
71714
71719
71731
71736
71763
71778
71778
71789
71810
71811
71818
71824
71836
71842
71845
71849
71861
71863
71880
71884
71888
71899
71905
71913
71914
71938
71986
71987
71999
72024
72030
72048
72052
72053
72073
72079
72085
72086
72086
72095
72110
72116
72124
72129
72134
72149
72180
72182
72182
72195
72200
72209
72225
72236
72237
72240
72243
72250
72251
72252
72263
72274
72276
72280
72293
72312
72314
72320
72351
72355
72356
72369
72373
72381
72403
72405
72409
72417
72422
72436
72437
72444
72453
72454
72478
72478
72486
72494
72506
72513
72527
72527
72531
72578
72599
72621
72636
72653
72670
72670
72678
72686
72700
72701
72732
72768
72777
72783
72804
72812
72813
72822
72836
72848
72855
72857
72858
72869
72870
72912
72932
72939
72947
72961
72964
72977
72983
72996
73006
73008
73012
73049
73058
73064
73086
73097
73110
73120
73128
73133
73138
73166
73170
73173
73185
73191
73204
73208
73208
73233
73234
73242
73263
73319
73320
73327
73329
73339
73369
73371
73382
73390
73404
73423
73433
73441
73452
73452
73463
73471
73475
73484
73493
73512
73512
73514
73516
73536
73536
73546
73578
73582
73591
73612
73613
73624
73655
73660
73665
73672
73731
73734
73743
73748
73752
73772
73778
73784
73807
73861
73866
73868
73916
73929
73931
73933
73934
73959
73971
73974
73985
73987
73997
74003
74003
74042
74048
74088
74089
74099
74105
74105
74118
74128
74128
74136
74136
74154
74154
74154
74180
74183
74184
74187
74196
74197
74211
74211
74224
74241
74269
74271
74294
74296
74306
74347
74355
74359
74360
74412
74427
74432
74441
74442
74445
74445
74450
74453
74454
74459
74468
74485
74490
74493
74513
74540
74542
74550
74555
74560
74569
74580
74582
74601
74612
74615
74618
74657
74672
74678
74723
74737
74739
74763
74772
74780
74788
74792
74794
74797
74822
74832
74836
74841
74843
74846
74848
74859
74862
74864
74869
74877
74880
74906
74909
74911
74914
74931
74946
74958
74959
74985
74997
74997
74998
75003
75007
75035
75035
75041
75045
75094
75101
75111
75130
75133
75138
75145
75149
75163
75170
75181
75186
75201
75207
75226
75232
75236
75246
75247
75248
75250
75256
75260
75261
75281
75286
75287
75294
75296
75312
75312
75327
75351
75351
75359
75364
75366
75381
75385
75405
75409
75427
75427
75432
75444
75460
75468
75477
75477
75484
75487
75495
75508
75551
75553
75576
75616
75618
75619
75631
75649
75650
75654
75669
75670
75682
75686
75690
75695
75717
75730
75738
75738
75749
75753
75790
75821
75824
75836
75854
75862
75863
75868
75880
75890
75947
75957
75970
75972
75998
76001
76009
76015
76023
76035
76040
76071
76081
76109
76131
76133
76133
76140
76142
76142
76170
76183
76184
76212
76229
76234
76234
76235
76245
76257
76260
76271
76280
76309
76310
76325
76345
76371
76392
76400
76417
76424
76439
76440
76445
76456
76463
76463
76478
76485
76508
76521
76521
76521
76530
76536
76536
76567
76568
76574
76577
76580
76595
76607
76611
76618
76626
76635
76644
76687
76709
76713
76713
76716
76723
76723
76735
76744
76754
76754
76764
76765
76778
76778
76779
76800
76804
76804
76804
76809
76814
76814
76816
76819
76828
76830
76856
76881
76890
76892
76903
76917
76926
76953
76958
76968
76970
76994
76998
77001
77023
77027
77027
77038
77047
77065
77090
77101
77102
77123
77124
77133
77136
77170
77171
77188
77193
77202
77205
77217
77220
77230
77231
77238
77272
77288
77307
77325
77348
77357
77358
77369
77370
77372
77387
77395
77410
77416
77420
77424
77425
77437
77438
77443
77469
77473
77473
77480
77488
77510
77521
77561
77568
77571
77571
77582
77597
77601
77604
77608
77612
77622
77628
77638
77643
77647
77669
77676
77694
77698
77701
77714
77733
77745
77745
77755
77755
77791
77794
77796
77803
77855
77857
77858
77883
77905
77912
77924
77932
77933
77956
77960
77962
77982
77985
77999
78012
78013
78023
78043
78064
78066
78067
78070
78075
78077
78097
78110
78119
78138
78143
78154
78161
78165
78181
78187
78198
78211
78228
78247
78264
78281
78289
78301
78303
78317
78347
78355
78355
78364
78374
78381
78390
78396
78411
78411
78417
78418
78422
78423
78440
78450
78455
78499
78500
78500
78520
78524
78526
78536
78558
78564
78564
78567
78578
78598
78599
78630
78641
78652
78658
78664
78674
78678
78679
78679
78682
78708
78710
78741
78752
78798
78799
78801
78803
78818
78826
78828
78841
78848
78860
78864
78869
78881
78893
78898
78909
78910
78914
78918
78923
78927
78943
78944
78944
78951
78965
79003
79017
79026
79032
79052
79055
79065
79065
79065
79069
79071
79072
79079
79082
79084
79091
79136
79152
79153
79188
79211
79217
79220
79230
79284
79285
79291
79296
79306
79307
79308
79322
79328
79356
79375
79377
79380
79398
79409
79417
79433
79433
79438
79455
79456
79464
79493
79496
79507
79519
79520
79521
79527
79528
79546
79548
79549
79562
79563
79565
79585
79597
79603
79609
79614
79637
79640
79644
79649
79656
79663
79679
79692
79698
79708
79713
79738
79747
79753
79756
79759
79774
79777
79798
79806
79807
79811
79815
79818
79831
79834
79848
79850
79850
79855
79883
79901
79921
79921
79923
79935
79937
79949
79959
79972
79978
79981
80006
80008
80021
80024
80026
80053
80053
80071
80084
80091
80093
80114
80121
80151
80170
80173
80175
80184
80186
80196
80228
80233
80243
80260
80273
80274
80282
80284
80303
80310
80314
80316
80328
80339
80362
80371
80386
80391
80392
80416
80440
80451
80454
80457
80470
80494
80495
80504
80533
80546
80560
80567
80567
80583
80599
80601
80606
80616
80635
80644
80651
80655
80655
80671
80684
80689
80703
80708
80739
80740
80753
80759
80780
80782
80785
80789
80795
80798
80806
80807
80808
80826
80837
80848
80849
80856
80865
80894
80896
80902
80903
80911
80928
80934
80936
80938
80939
80942
80949
80957
80968
80971
80978
80980
80983
80991
81009
81011
81021
81022
81046
81067
81105
81106
81116
81117
81132
81152
81170
81180
81195
81205
81213
81217
81234
81260
81262
81263
81289
81318
81319
81324
81328
81334
81360
81393
81395
81399
81403
81404
81404
81406
81413
81421
81425
81429
81447
81455
81456
81457
81459
81465
81495
81501
81513
81518
81528
81548
81554
81571
81587
81589
81593
81620
81637
81638
81648
81652
81653
81658
81671
81679
81691
81718
81755
81768
81768
81769
81802
81808
81814
81830
81830
81832
81837
81838
81856
81867
81879
81884
81945
81947
81955
81963
81963
81981
82008
82017
82026
82042
82050
82053
82065
82068
82086
82103
82166
82168
82171
82177
82186
82212
82216
82226
82229
82234
82245
82248
82274
82288
82296
82304
82305
82328
82346
82358
82382
82387
82394
82404
82406
82420
82424
82433
82439
82449
82462
82478
82478
82506
82543
82548
82562
82566
82577
82579
82579
82581
82606
82624
82636
82644
82652
82659
82666
82670
82672
82673
82676
82698
82720
82725
82761
82775
82794
82816
82819
82825
82831
82846
82860
82873
82877
82878
82888
82936
82947
82948
82989
83012
83018
83019
83031
83033
83037
83037
83063
83083
83089
83090
83124
83147
83164
83165
83168
83178
83183
83187
83203
83208
83234
83234
83240
83240
83245
83251
83294
83303
83307
83311
83314
83325
83329
83346
83347
83361
83371
83376
83387
83395
83395
83396
83414
83427
83435
83452
83453
83463
83477
83484
83502
83505
83517
83529
83541
83554
83562
83585
83589
83605
83607
83636
83659
83684
83687
83691
83708
83718
83733
83745
83745
83752
83785
83801
83804
83824
83829
83841
83851
83867
83882
83884
83888
83888
83893
83893
83916
83931
83932
83942
83953
83955
83959
83971
83973
83976
83987
83991
83995
84016
84030
84039
84049
84062
84087
84087
84087
84090
84090
84106
84117
84132
84135
84145
84145
84147
84151
84153
84170
84176
84185
84189
84196
84207
84231
84232
84247
84257
84262
84277
84281
84283
84284
84301
84320
84329
84334
84336
84337
84343
84391
84407
84431
84436
84436
84439
84467
84479
84479
84482
84487
84490
84497
84511
84512
84555
84556
84559
84559
84574
84596
84607
84608
84614
84617
84619
84622
84622
84639
84642
84658
84661
84665
84675
84687
84697
84739
84741
84752
84755
84757
84770
84773
84787
84789
84795
84811
84814
84815
84822
84825
84834
84883
84891
84892
84894
84902
84903
84904
84916
84917
84918
84922
84926
84928
84934
84944
84965
84977
84979
84995
84997
85023
85037
85040
85042
85047
85070
85072
85081
85086
85092
85096
85111
85118
85119
85122
85129
85144
85145
85149
85163
85179
85186
85188
85190
85195
85199
85201
85211
85216
85228
85243
85249
85256
85269
85283
85285
85289
85294
85303
85341
85343
85346
85364
85371
85371
85384
85401
85406
85420
85436
85439
85449
85450
85499
85505
85507
85514
85524
85529
85533
85576
85583
85595
85596
85609
85612
85622
85631
85634
85654
85682
85703
85727
85733
85734
85745
85751
85757
85757
85773
85791
85791
85820
85840
85849
85853
85854
85858
85863
85889
85915
85935
85952
85961
85963
85965
85986
85986
85997
86002
86003
86010
86015
86030
86044
86055
86057
86095
86101
86122
86124
86145
86151
86167
86168
86168
86174
86175
86185
86200
86229
86232
86237
86269
86279
86306
86315
86320
86327
86331
86337
86340
86351
86354
86378
86385
86390
86400
86410
86414
86459
86460
86461
86466
86476
86483
86487
86494
86498
86515
86560
86565
86575
86583
86600
86611
86625
86643
86652
86655
86674
86675
86694
86699
86703
86704
86706
86713
86727
86730
86730
86732
86739
86749
86758
86784
86795
86807
86814
86816
86817
86832
86842
86848
86855
86874
86881
86891
86912
86917
86931
86944
86944
86952
86970
86985
87040
87059
87060
87068
87079
87084
87089
87114
87115
87137
87141
87143
87144
87147
87157
87167
87180
87181
87187
87187
87190
87194
87203
87204
87209
87214
87215
87218
87227
87233
87252
87257
87268
87269
87274
87287
87297
87322
87329
87341
87362
87370
87383
87397
87401
87417
87428
87434
87448
87457
87461
87475
87485
87487
87513
87518
87536
87538
87539
87554
87559
87560
87570
87576
87579
87581
87585
87590
87594
87596
87612
87631
87686
87692
87699
87730
87738
87743
87775
87780
87788
87794
87810
87850
87851
87851
87857
87861
87864
87867
87890
87894
87900
87917
87924
87929
87938
87953
87968
87970
87986
87996
87998
88011
88016
88016
88020
88025
88028
88030
88040
88042
88060
88069
88099
88112
88115
88118
88120
88127
88140
88147
88148
88155
88182
88183
88184
88185
88185
88191
88202
88218
88244
88267
88270
88281
88288
88294
88303
88317
88323
88325
88354
88366
88383
88385
88407
88434
88448
88464
88466
88474
88477
88480
88493
88505
88515
88516
88530
88544
88558
88575
88579
88580
88583
88611
88620
88620
88629
88632
88643
88669
88670
88675
88698
88711
88712
88713
88720
88726
88727
88734
88738
88739
88739
88773
88794
88807
88823
88826
88829
88830
88840
88848
88848
88852
88860
88892
88909
88925
88934
88940
88945
88961
88968
88971
88981
88988
88998
89010
89014
89027
89034
89048
89056
89057
89069
89078
89093
89098
89110
89117
89120
89127
89162
89170
89174
89178
89180
89199
89212
89213
89217
89220
89224
89232
89247
89266
89266
89280
89293
89296
89296
89324
89329
89330
89343
89352
89355
89370
89374
89399
89399
89408
89418
89440
89447
89451
89458
89462
89492
89494
89511
89518
89519
89530
89539
89542
89570
89571
89578
89593
89598
89601
89607
89618
89621
89630
89661
89667
89671
89685
89687
89688
89689
89697
89716
89742
89747
89747
89752
89758
89762
89764
89764
89778
89784
89802
89813
89813
89821
89825
89827
89832
89833
89838
89853
89853
89861
89880
89881
89888
89891
89900
89904
89919
89930
89933
89943
89962
89976
89980
89993
89996
90004
90011
90026
90028
90031
90053
90066
90068
90077
90093
90104
90116
90122
90123
90125
90128
90133
90136
90147
90150
90161
90166
90175
90178
90179
90189
90195
90201
90214
90217
90251
90255
90272
90278
90308
90320
90321
90322
90331
90346
90350
90351
90363
90376
90379
90394
90403
90411
90411
90413
90415
90419
90433
90466
90482
90524
90545
90547
90549
90553
90566
90566
90583
90603
90614
90617
90618
90632
90664
90669
90673
90679
90683
90688
90692
90694
90695
90699
90728
90728
90734
90747
90777
90779
90788
90815
90825
90831
90833
90843
90885
90886
90895
90903
90918
90921
90923
90930
90934
90939
90942
90964
90983
90993
91015
91031
91041
91050
91051
91059
91074
91076
91078
91082
91086
91088
91089
91099
91128
91136
91140
91156
91156
91168
91175
91187
91199
91207
91215
91216
91227
91231
91231
91235
91262
91277
91283
91294
91312
91323
91325
91331
91334
91377
91378
91385
91396
91434
91441
91450
91497
91498
91519
91565
91567
91568
91572
91590
91606
91608
91612
91629
91632
91634
91642
91650
91657
91658
91659
91663
91671
91675
91687
91693
91695
91699
91702
91711
91720
91735
91741
91743
91753
91755
91761
91765
91772
91783
91783
91808
91812
91815
91820
91837
91837
91839
91840
91921
91932
91936
91941
91952
91966
91971
91973
91973
91989
91993
91999
92019
92066
92066
92075
92092
92113
92119
92139
92149
92158
92160
92168
92171
92180
92181
92183
92199
92204
92223
92226
92237
92238
92238
92270
92275
92275
92276
92300
92312
92316
92323
92326
92347
92352
92354
92387
92396
92413
92444
92469
92481
92492
92492
92497
92505
92522
92533
92555
92568
92612
92673
92677
92680
92701
92708
92712
92721
92722
92724
92727
92728
92749
92755
92760
92766
92776
92779
92780
92783
92798
92801
92801
92812
92814
92831
92831
92833
92834
92839
92841
92843
92859
92871
92871
92886
92887
92900
92901
92911
92912
92929
92940
92941
92949
92960
92994
92994
93000
93001
93001
93010
93012
93014
93023
93024
93030
93036
93039
93043
93074
93081
93095
93118
93121
93164
93169
93194
93198
93204
93208
93209
93212
93217
93220
93224
93226
93229
93231
93240
93242
93264
93270
93301
93305
93306
93320
93321
93326
93342
93345
93347
93386
93390
93390
93391
93414
93415
93432
93436
93447
93453
93457
93462
93469
93475
93477
93480
93482
93483
93485
93492
93496
93497
93498
93530
93544
93554
93555
93564
93592
93596
93596
93606
93612
93620
93650
93654
93658
93659
93661
93667
93675
93684
93706
93712
93712
93729
93732
93734
93760
93773
93793
93807
93818
93840
93847
93854
93859
93882
93882
93884
93887
93889
93906
93920
93967
93983
93984
93988
93993
93996
94016
94026
94036
94038
94050
94061
94066
94069
94081
94083
94084
94089
94105
94151
94163
94175
94180
94182
94227
94237
94241
94258
94274
94298
94309
94320
94333
94346
94384
94409
94418
94419
94430
94441
94457
94466
94467
94478
94492
94505
94506
94511
94522
94522
94527
94533
94547
94563
94568
94571
94582
94595
94595
94599
94619
94622
94623
94623
94641
94642
94646
94653
94658
94660
94674
94674
94678
94679
94686
94702
94710
94713
94719
94721
94741
94766
94770
94781
94790
94799
94800
94800
94810
94817
94830
94832
94842
94869
94871
94872
94882
94885
94895
94901
94905
94921
94941
94957
94969
94973
94976
94976
94977
94990
95003
95006
95015
95037
95080
95098
95099
95115
95122
95131
95133
95159
95166
95170
95181
95182
95183
95186
95187
95192
95196
95200
95213
95227
95233
95240
95246
95252
95256
95261
95287
95306
95319
95350
95388
95391
95393
95400
95403
95433
95435
95449
95467
95503
95526
95531
95531
95535
95554
95563
95574
95576
95576
95579
95580
95583
95616
95619
95620
95621
95625
95651
95663
95664
95664
95671
95691
95697
95697
95701
95707
95724
95726
95729
95732
95746
95748
95753
95754
95755
95788
95817
95843
95847
95878
95891
95894
95895
95906
95914
95919
95922
95931
95935
95951
95952
95958
95970
95971
95976
95994
96000
96003
96030
96044
96052
96054
96068
96079
96090
96095
96119
96133
96141
96149
96162
96164
96169
96179
96188
96206
96217
96242
96254
96256
96271
96272
96275
96290
96295
96297
96301
96308
96312
96318
96349
96357
96366
96372
96379
96388
96398
96399
96401
96404
96407
96417
96432
96436
96442
96482
96486
96495
96497
96499
96520
96523
96529
96533
96544
96544
96545
96579
96598
96602
96603
96615
96623
96627
96648
96655
96670
96674
96681
96695
96707
96712
96722
96723
96728
96744
96749
96758
96761
96762
96785
96786
96795
96795
96800
96801
96803
96805
96810
96822
96832
96834
96852
96861
96876
96882
96888
96890
96893
96894
96907
96917
96917
96928
96930
96956
96987
96999
97000
97005
97011
97058
97059
97066
97070
97081
97087
97113
97132
97136
97140
97143
97147
97189
97204
97206
97210
97219
97229
97254
97259
97270
97270
97280
97285
97312
97335
97341
97349
97360
97371
97375
97382
97402
97408
97423
97452
97458
97466
97468
97468
97475
97478
97483
97486
97489
97490
97492
97501
97547
97553
97558
97577
97578
97581
97597
97602
97625
97635
97642
97652
97654
97656
97673
97704
97708
97798
97808
97823
97832
97832
97841
97846
97858
97858
97863
97877
97878
97879
97888
97911
97916
97929
97931
97953
97959
97964
97985
97992
98010
98034
98067
98083
98092
98099
98105
98134
98138
98175
98224
98239
98240
98251
98268
98271
98286
98292
98292
98306
98327
98328
98339
98357
98360
98384
98395
98400
98412
98447
98452
98455
98460
98471
98473
98496
98505
98521
98523
98541
98554
98582
98587
98589
98590
98596
98597
98606
98619
98619
98620
98637
98639
98664
98670
98675
98676
98685
98687
98703
98710
98716
98733
98755
98764
98766
98779
98782
98783
98785
98817
98822
98883
98887
98891
98896
98923
98924
98935
98943
98973
98974
98974
98981
98993
99004
99022
99029
99041
99049
99052
99059
99066
99067
99073
99093
99109
99125
99148
99157
99162
99173
99179
99180
99182
99187
99191
99205
99218
99220
99223
99224
99235
99247
99249
99283
99308
99310
99345
99348
99352
99361
99372
99391
99454
99454
99477
99493
99500
99522
99535
99559
99565
99585
99590
99618
99620
99649
99652
99672
99675
99693
99694
99697
99700
99701
99712
99742
99748
99772
99775
99777
99781
99803
99809
99811
99823
99834
99834
99850
99893
99893
99899
99901
99917
99919
99925
99935
99953
99969
99972
99978
99984
